spec                 entries bytes(1B) bytes(4b) diam  mean h   h@d10   h@d11  min@11   viol
F:0                    15120     15120      7560    7   5.447   5.585   5.643       1      0
F:1                    15120     15120      7560    8   5.421   5.550   5.654       0      0
F:2                    15120     15120      7560    7   5.447   5.585   5.643       1      0
F:3                    15120     15120      7560    8   5.421   5.550   5.654       0      0
F:4                    15120     15120      7560    7   5.425   5.557   5.630       2      0
F:5                    15120     15120      7560    8   5.421   5.550   5.654       0      0
F:6                    15120     15120      7560    7   5.447   5.585   5.643       1      0
spec                 entries bytes(1B) bytes(4b) diam  mean h   h@d10   h@d11  min@11   viol
F:01                   45360     45360     22680    8   6.059   6.173   6.209       1      0
F:02                   45360     45360     22680    8   6.059   6.173   6.209       1      0
F:12                   45360     45360     22680    8   6.059   6.173   6.209       1      0
F:03                   45360     45360     22680    8   6.059   6.173   6.209       1      0
F:13                   45360     45360     22680    8   6.014   6.114   6.224       0      0
F:23                   45360     45360     22680    9   6.031   6.140   6.228       2      0
F:04                   45360     45360     22680    9   6.031   6.140   6.228       2      0
F:14                   45360     45360     22680    9   6.031   6.140   6.228       2      0
F:24                   45360     45360     22680    9   6.031   6.140   6.228       2      0
F:34                   45360     45360     22680    9   6.031   6.140   6.228       2      0
F:05                   45360     45360     22680    9   6.031   6.140   6.228       2      0
F:15                   45360     45360     22680    8   6.014   6.114   6.224       0      0
F:25                   45360     45360     22680    8   6.059   6.173   6.209       1      0
F:35                   45360     45360     22680    8   6.014   6.114   6.224       0      0
F:45                   45360     45360     22680    9   6.031   6.140   6.228       2      0
F:06                   45360     45360     22680    8   6.059   6.173   6.209       1      0
F:16                   45360     45360     22680    9   6.031   6.140   6.228       2      0
F:26                   45360     45360     22680    8   6.059   6.173   6.209       1      0
F:36                   45360     45360     22680    8   6.059   6.173   6.209       1      0
F:46                   45360     45360     22680    9   6.031   6.140   6.228       2      0
F:56                   45360     45360     22680    8   6.059   6.173   6.209       1      0
spec                 entries bytes(1B) bytes(4b) diam  mean h   h@d10   h@d11  min@11   viol
F:012                 136080    136080     68040    9   6.707   6.809   6.787       3      0
F:013                 136080    136080     68040    9   6.677   6.762   6.675       3      0
F:023                 136080    136080     68040    9   6.677   6.768   6.746       3      0
F:123                 136080    136080     68040    9   6.651   6.727   6.717       3      0
F:014                 136080    136080     68040    9   6.677   6.768   6.746       3      0
F:024                 136080    136080     68040    9   6.651   6.727   6.717       3      0
F:124                 136080    136080     68040    9   6.677   6.768   6.746       3      0
F:034                 136080    136080     68040    9   6.677   6.768   6.746       3      0
F:134                 136080    136080     68040    9   6.651   6.727   6.717       3      0
F:234                 136080    136080     68040    9   6.661   6.748   6.840       3      0
F:015                 136080    136080     68040    9   6.651   6.727   6.717       3      0
F:025                 136080    136080     68040    9   6.677   6.768   6.746       3      0
F:125                 136080    136080     68040    9   6.677   6.762   6.675       3      0
F:035                 136080    136080     68040    9   6.651   6.727   6.717       3      0
F:135                 136080    136080     68040    9   6.634   6.706   6.741       4      0
F:235                 136080    136080     68040    9   6.651   6.727   6.717       3      0
F:045                 136080    136080     68040    9   6.661   6.748   6.840       3      0
F:145                 136080    136080     68040    9   6.651   6.727   6.717       3      0
F:245                 136080    136080     68040    9   6.677   6.768   6.746       3      0
F:345                 136080    136080     68040    9   6.651   6.727   6.717       3      0
F:016                 136080    136080     68040    9   6.677   6.768   6.746       3      0
F:026                 136080    136080     68040    9   6.677   6.762   6.675       3      0
F:126                 136080    136080     68040    9   6.677   6.768   6.746       3      0
F:036                 136080    136080     68040    9   6.707   6.809   6.787       3      0
F:136                 136080    136080     68040    9   6.651   6.727   6.717       3      0
F:236                 136080    136080     68040    9   6.677   6.768   6.746       3      0
F:046                 136080    136080     68040    9   6.651   6.727   6.717       3      0
F:146                 136080    136080     68040    9   6.661   6.748   6.840       3      0
F:246                 136080    136080     68040    9   6.651   6.727   6.717       3      0
F:346                 136080    136080     68040    9   6.677   6.768   6.746       3      0
F:056                 136080    136080     68040    9   6.677   6.768   6.746       3      0
F:156                 136080    136080     68040    9   6.651   6.727   6.717       3      0
F:256                 136080    136080     68040    9   6.707   6.809   6.787       3      0
F:356                 136080    136080     68040    9   6.677   6.762   6.675       3      0
F:456                 136080    136080     68040    9   6.677   6.768   6.746       3      0
