spec                 entries bytes(1B) bytes(4b) diam  mean h   h@d10   h@d11  min@11   viol
D:0                       21        21        11    3   2.048   2.050   1.882       0      0
D:1                       21        21        11    3   1.714   1.715   1.555       0      0
D:2                       21        21        11    3   2.048   2.050   1.882       0      0
D:3                       21        21        11    3   1.714   1.715   1.555       0      0
D:4                       21        21        11    2   1.476   1.475   1.430       0      0
D:5                       21        21        11    3   1.714   1.715   1.555       0      0
D:6                       21        21        11    3   2.048   2.050   1.882       0      0
spec                 entries bytes(1B) bytes(4b) diam  mean h   h@d10   h@d11  min@11   viol
D:01                     378       378       189    5   3.593   3.597   3.329       0      0
D:02                     378       378       189    5   3.593   3.597   3.329       0      0
D:12                     378       378       189    5   3.593   3.597   3.329       0      0
D:03                     378       378       189    5   3.593   3.597   3.329       0      0
D:13                     378       378       189    5   3.415   3.417   3.158       0      0
D:23                     378       378       189    5   3.394   3.394   3.176       0      0
D:04                     378       378       189    5   3.394   3.394   3.176       0      0
D:14                     378       378       189    5   3.394   3.394   3.176       0      0
D:24                     378       378       189    5   3.394   3.394   3.176       0      0
D:34                     378       378       189    5   3.394   3.394   3.176       0      0
D:05                     378       378       189    5   3.394   3.394   3.176       0      0
D:15                     378       378       189    5   3.415   3.417   3.158       0      0
D:25                     378       378       189    5   3.593   3.597   3.329       0      0
D:35                     378       378       189    5   3.415   3.417   3.158       0      0
D:45                     378       378       189    5   3.394   3.394   3.176       0      0
D:06                     378       378       189    5   3.593   3.597   3.329       0      0
D:16                     378       378       189    5   3.394   3.394   3.176       0      0
D:26                     378       378       189    5   3.593   3.597   3.329       0      0
D:36                     378       378       189    5   3.593   3.597   3.329       0      0
D:46                     378       378       189    5   3.394   3.394   3.176       0      0
D:56                     378       378       189    5   3.593   3.597   3.329       0      0
spec                 entries bytes(1B) bytes(4b) diam  mean h   h@d10   h@d11  min@11   viol
D:012                   5670      5670      2835    7   5.096   5.090   4.759       0      0
D:013                   5670      5670      2835    7   4.944   4.956   4.633       0      0
D:023                   5670      5670      2835    7   4.908   4.917   4.604       0      0
D:123                   5670      5670      2835    7   4.883   4.893   4.576       0      0
D:014                   5670      5670      2835    7   4.908   4.917   4.604       0      0
D:024                   5670      5670      2835    7   4.883   4.893   4.576       0      0
D:124                   5670      5670      2835    7   4.908   4.917   4.604       0      0
D:034                   5670      5670      2835    7   4.908   4.917   4.604       0      0
D:134                   5670      5670      2835    7   4.883   4.893   4.576       0      0
D:234                   5670      5670      2835    7   4.900   4.893   4.523       0      0
D:015                   5670      5670      2835    7   4.883   4.893   4.576       0      0
D:025                   5670      5670      2835    7   4.908   4.917   4.604       0      0
D:125                   5670      5670      2835    7   4.944   4.956   4.633       0      0
D:035                   5670      5670      2835    7   4.883   4.893   4.576       0      0
D:135                   5670      5670      2835    7   4.878   4.848   4.609       0      0
D:235                   5670      5670      2835    7   4.883   4.893   4.576       0      0
D:045                   5670      5670      2835    7   4.900   4.893   4.523       0      0
D:145                   5670      5670      2835    7   4.883   4.893   4.576       0      0
D:245                   5670      5670      2835    7   4.908   4.917   4.604       0      0
D:345                   5670      5670      2835    7   4.883   4.893   4.576       0      0
D:016                   5670      5670      2835    7   4.908   4.917   4.604       0      0
D:026                   5670      5670      2835    7   4.944   4.956   4.633       0      0
D:126                   5670      5670      2835    7   4.908   4.917   4.604       0      0
D:036                   5670      5670      2835    7   5.096   5.090   4.759       0      0
D:136                   5670      5670      2835    7   4.883   4.893   4.576       0      0
D:236                   5670      5670      2835    7   4.908   4.917   4.604       0      0
D:046                   5670      5670      2835    7   4.883   4.893   4.576       0      0
D:146                   5670      5670      2835    7   4.900   4.893   4.523       0      0
D:246                   5670      5670      2835    7   4.883   4.893   4.576       0      0
D:346                   5670      5670      2835    7   4.908   4.917   4.604       0      0
D:056                   5670      5670      2835    7   4.908   4.917   4.604       0      0
D:156                   5670      5670      2835    7   4.883   4.893   4.576       0      0
D:256                   5670      5670      2835    7   5.096   5.090   4.759       0      0
D:356                   5670      5670      2835    7   4.944   4.956   4.633       0      0
D:456                   5670      5670      2835    7   4.908   4.917   4.604       0      0
spec                 entries bytes(1B) bytes(4b) diam  mean h   h@d10   h@d11  min@11   viol
D:0123                 68040     68040     34020    8   6.294   6.312   5.992       0      0
D:0124                 68040     68040     34020    8   6.294   6.312   5.992       0      0
D:0134                 68040     68040     34020    8   6.294   6.312   5.992       0      0
D:0234                 68040     68040     34020    8   6.272   6.290   5.940       0      0
D:1234                 68040     68040     34020    8   6.272   6.290   5.940       0      0
D:0125                 68040     68040     34020    8   6.294   6.312   5.992       0      0
D:0135                 68040     68040     34020    9   6.259   6.261   6.001       0      0
D:0235                 68040     68040     34020    8   6.272   6.290   5.940       0      0
D:1235                 68040     68040     34020    9   6.259   6.261   6.001       0      0
D:0145                 68040     68040     34020    8   6.272   6.290   5.940       0      0
D:0245                 68040     68040     34020    8   6.272   6.290   5.940       0      0
D:1245                 68040     68040     34020    8   6.294   6.312   5.992       0      0
D:0345                 68040     68040     34020    8   6.272   6.290   5.940       0      0
D:1345                 68040     68040     34020    9   6.259   6.261   6.001       0      0
D:2345                 68040     68040     34020    8   6.272   6.290   5.940       0      0
D:0126                 68040     68040     34020    8   6.294   6.312   5.992       0      0
D:0136                 68040     68040     34020    8   6.294   6.312   5.992       0      0
D:0236                 68040     68040     34020    8   6.294   6.312   5.992       0      0
D:1236                 68040     68040     34020    8   6.272   6.290   5.940       0      0
D:0146                 68040     68040     34020    8   6.272   6.290   5.940       0      0
D:0246                 68040     68040     34020    9   6.259   6.261   6.001       0      0
D:1246                 68040     68040     34020    8   6.272   6.290   5.940       0      0
D:0346                 68040     68040     34020    8   6.294   6.312   5.992       0      0
D:1346                 68040     68040     34020    8   6.272   6.290   5.940       0      0
D:2346                 68040     68040     34020    8   6.272   6.290   5.940       0      0
D:0156                 68040     68040     34020    8   6.272   6.290   5.940       0      0
D:0256                 68040     68040     34020    8   6.294   6.312   5.992       0      0
D:1256                 68040     68040     34020    8   6.294   6.312   5.992       0      0
D:0356                 68040     68040     34020    8   6.294   6.312   5.992       0      0
D:1356                 68040     68040     34020    9   6.259   6.261   6.001       0      0
D:2356                 68040     68040     34020    8   6.294   6.312   5.992       0      0
D:0456                 68040     68040     34020    8   6.272   6.290   5.940       0      0
D:1456                 68040     68040     34020    8   6.272   6.290   5.940       0      0
D:2456                 68040     68040     34020    8   6.294   6.312   5.992       0      0
D:3456                 68040     68040     34020    8   6.294   6.312   5.992       0      0
