spec                 entries bytes(1B) bytes(4b) diam  mean h   h@d10   h@d11  min@11   viol
E:0                     5103      5103      2552    7   5.287   5.306   5.007       0      0
E:1                     5103      5103      2552    7   5.100   5.109   4.868       0      0
E:2                     5103      5103      2552    7   5.189   5.195   4.922       0      0
E:3                     5103      5103      2552    7   5.121   5.125   4.906       0      0
E:4                     5103      5103      2552    7   4.986   4.998   4.811       0      0
E:5                     5103      5103      2552    7   5.100   5.109   4.868       0      0
E:6                     5103      5103      2552    7   5.287   5.306   5.007       0      0
spec                 entries bytes(1B) bytes(4b) diam  mean h   h@d10   h@d11  min@11   viol
E:01                   30618     30618     15309    8   5.992   6.003   5.682       0      0
E:02                   30618     30618     15309    8   5.992   6.003   5.682       0      0
E:12                   30618     30618     15309    8   5.992   6.003   5.682       0      0
E:03                   30618     30618     15309    8   6.074   6.085   5.755       0      0
E:13                   30618     30618     15309    8   5.856   5.854   5.641       0      0
E:23                   30618     30618     15309    8   5.840   5.840   5.596       0      0
E:04                   30618     30618     15309    8   5.907   5.923   5.636       0      0
E:14                   30618     30618     15309    8   5.907   5.923   5.636       0      0
E:24                   30618     30618     15309    8   5.840   5.840   5.596       0      0
E:34                   30618     30618     15309    8   5.840   5.840   5.596       0      0
E:05                   30618     30618     15309    8   5.907   5.923   5.636       0      0
E:15                   30618     30618     15309    8   5.856   5.854   5.641       0      0
E:25                   30618     30618     15309    8   5.992   6.003   5.682       0      0
E:35                   30618     30618     15309    8   5.856   5.854   5.641       0      0
E:45                   30618     30618     15309    8   5.907   5.923   5.636       0      0
E:06                   30618     30618     15309    8   6.074   6.085   5.755       0      0
E:16                   30618     30618     15309    8   5.907   5.923   5.636       0      0
E:26                   30618     30618     15309    8   5.992   6.003   5.682       0      0
E:36                   30618     30618     15309    8   6.074   6.085   5.755       0      0
E:46                   30618     30618     15309    8   5.907   5.923   5.636       0      0
E:56                   30618     30618     15309    8   5.992   6.003   5.682       0      0
spec                 entries bytes(1B) bytes(4b) diam  mean h   h@d10   h@d11  min@11   viol
E:012                 153090    153090     76545    9   6.933   6.976   6.716       0      0
E:013                 153090    153090     76545    9   6.739   6.749   6.473       0      0
E:023                 153090    153090     76545    9   6.742   6.757   6.437       0      0
E:123                 153090    153090     76545    9   6.728   6.730   6.395       0      0
E:014                 153090    153090     76545    9   6.777   6.814   6.508       0      0
E:024                 153090    153090     76545    9   6.728   6.730   6.395       0      0
E:124                 153090    153090     76545    9   6.742   6.757   6.437       0      0
E:034                 153090    153090     76545    9   6.742   6.757   6.437       0      0
E:134                 153090    153090     76545    9   6.728   6.730   6.395       0      0
E:234                 153090    153090     76545    9   6.819   6.851   6.640       0      0
E:015                 153090    153090     76545    9   6.728   6.730   6.395       0      0
E:025                 153090    153090     76545    9   6.777   6.814   6.508       0      0
E:125                 153090    153090     76545    9   6.739   6.749   6.473       0      0
E:035                 153090    153090     76545    9   6.727   6.736   6.467       0      0
E:135                 153090    153090     76545    9   6.850   6.898   6.762       0      0
E:235                 153090    153090     76545    9   6.728   6.730   6.395       0      0
E:045                 153090    153090     76545    9   6.860   6.939   6.747       0      0
E:145                 153090    153090     76545    9   6.727   6.736   6.467       0      0
E:245                 153090    153090     76545    9   6.742   6.757   6.437       0      0
E:345                 153090    153090     76545    9   6.728   6.730   6.395       0      0
E:016                 153090    153090     76545    9   6.742   6.757   6.437       0      0
E:026                 153090    153090     76545    9   6.739   6.749   6.473       0      0
E:126                 153090    153090     76545    9   6.777   6.814   6.508       0      0
E:036                 153090    153090     76545    9   7.059   7.148   7.006       0      0
E:136                 153090    153090     76545    9   6.727   6.736   6.467       0      0
E:236                 153090    153090     76545    9   6.742   6.757   6.437       0      0
E:046                 153090    153090     76545    9   6.727   6.736   6.467       0      0
E:146                 153090    153090     76545    9   6.860   6.939   6.747       0      0
E:246                 153090    153090     76545    9   6.728   6.730   6.395       0      0
E:346                 153090    153090     76545    9   6.742   6.757   6.437       0      0
E:056                 153090    153090     76545    9   6.742   6.757   6.437       0      0
E:156                 153090    153090     76545    9   6.728   6.730   6.395       0      0
E:256                 153090    153090     76545    9   6.933   6.976   6.716       0      0
E:356                 153090    153090     76545    9   6.739   6.749   6.473       0      0
E:456                 153090    153090     76545    9   6.777   6.814   6.508       0      0
