spec                 entries bytes(1B) bytes(4b) diam  mean h   h@d10   h@d11  min@11   viol
C:0                        7         7         4    2   1.286   1.286   1.264       0      0
C:1                        7         7         4    2   1.000   0.997   0.897       0      0
C:2                        7         7         4    2   1.286   1.286   1.264       0      0
C:3                        7         7         4    2   1.000   0.997   0.897       0      0
C:4                        7         7         4    1   0.857   0.853   0.769       0      0
C:5                        7         7         4    2   1.000   0.997   0.897       0      0
C:6                        7         7         4    2   1.286   1.286   1.264       0      0
spec                 entries bytes(1B) bytes(4b) diam  mean h   h@d10   h@d11  min@11   viol
C:01                      42        42        21    3   2.143   2.141   2.063       0      0
C:02                      42        42        21    3   2.190   2.191   2.159       0      0
C:12                      42        42        21    3   2.143   2.141   2.063       0      0
C:03                      42        42        21    3   2.143   2.141   2.063       0      0
C:13                      42        42        21    3   1.810   1.804   1.592       0      0
C:23                      42        42        21    3   2.000   1.999   1.963       0      0
C:04                      42        42        21    3   2.024   2.023   1.975       0      0
C:14                      42        42        21    3   1.905   1.902   1.835       0      0
C:24                      42        42        21    3   2.024   2.023   1.975       0      0
C:34                      42        42        21    3   1.905   1.902   1.835       0      0
C:05                      42        42        21    3   2.000   1.999   1.963       0      0
C:15                      42        42        21    3   1.810   1.804   1.592       0      0
C:25                      42        42        21    3   2.143   2.141   2.063       0      0
C:35                      42        42        21    3   1.810   1.804   1.592       0      0
C:45                      42        42        21    3   1.905   1.902   1.835       0      0
C:06                      42        42        21    3   2.190   2.191   2.159       0      0
C:16                      42        42        21    3   2.000   1.999   1.963       0      0
C:26                      42        42        21    3   2.190   2.191   2.159       0      0
C:36                      42        42        21    3   2.143   2.141   2.063       0      0
C:46                      42        42        21    3   2.024   2.023   1.975       0      0
C:56                      42        42        21    3   2.143   2.141   2.063       0      0
spec                 entries bytes(1B) bytes(4b) diam  mean h   h@d10   h@d11  min@11   viol
C:012                    210       210       105    4   2.943   2.930   2.828       0      0
C:013                    210       210       105    4   2.795   2.792   2.690       0      0
C:023                    210       210       105    4   2.852   2.848   2.769       0      0
C:123                    210       210       105    4   2.800   2.793   2.659       0      0
C:014                    210       210       105    4   2.795   2.791   2.726       0      0
C:024                    210       210       105    4   2.843   2.835   2.698       0      0
C:124                    210       210       105    4   2.795   2.791   2.726       0      0
C:034                    210       210       105    4   2.795   2.791   2.726       0      0
C:134                    210       210       105    4   2.743   2.740   2.686       0      0
C:234                    210       210       105    4   2.786   2.769   2.623       0      0
C:015                    210       210       105    4   2.800   2.793   2.659       0      0
C:025                    210       210       105    4   2.852   2.848   2.769       0      0
C:125                    210       210       105    4   2.795   2.792   2.690       0      0
C:035                    210       210       105    4   2.800   2.793   2.659       0      0
C:135                    210       210       105    4   2.852   2.804   2.332       0      0
C:235                    210       210       105    4   2.800   2.793   2.659       0      0
C:045                    210       210       105    4   2.786   2.769   2.623       0      0
C:145                    210       210       105    4   2.743   2.740   2.686       0      0
C:245                    210       210       105    4   2.795   2.791   2.726       0      0
C:345                    210       210       105    4   2.743   2.740   2.686       0      0
C:016                    210       210       105    4   2.852   2.848   2.769       0      0
C:026                    210       210       105    4   2.871   2.871   2.786       0      0
C:126                    210       210       105    4   2.852   2.848   2.769       0      0
C:036                    210       210       105    4   2.943   2.930   2.828       0      0
C:136                    210       210       105    4   2.800   2.793   2.659       0      0
C:236                    210       210       105    4   2.852   2.848   2.769       0      0
C:046                    210       210       105    4   2.843   2.835   2.698       0      0
C:146                    210       210       105    4   2.786   2.769   2.623       0      0
C:246                    210       210       105    4   2.843   2.835   2.698       0      0
C:346                    210       210       105    4   2.795   2.791   2.726       0      0
C:056                    210       210       105    4   2.852   2.848   2.769       0      0
C:156                    210       210       105    4   2.800   2.793   2.659       0      0
C:256                    210       210       105    4   2.943   2.930   2.828       0      0
C:356                    210       210       105    4   2.795   2.792   2.690       0      0
C:456                    210       210       105    4   2.795   2.791   2.726       0      0
spec                 entries bytes(1B) bytes(4b) diam  mean h   h@d10   h@d11  min@11   viol
C:0123                   840       840       420    5   3.521   3.508   3.427       0      0
C:0124                   840       840       420    5   3.532   3.517   3.428       0      0
C:0134                   840       840       420    5   3.515   3.501   3.459       0      0
C:0234                   840       840       420    5   3.548   3.532   3.405       0      0
C:1234                   840       840       420    5   3.533   3.516   3.390       0      0
C:0125                   840       840       420    5   3.521   3.508   3.427       0      0
C:0135                   840       840       420    5   3.574   3.545   3.333       0      0
C:0235                   840       840       420    5   3.543   3.529   3.421       0      0
C:1235                   840       840       420    5   3.574   3.545   3.333       0      0
C:0145                   840       840       420    5   3.533   3.516   3.390       0      0
C:0245                   840       840       420    5   3.548   3.532   3.405       0      0
C:1245                   840       840       420    5   3.515   3.501   3.459       0      0
C:0345                   840       840       420    5   3.533   3.516   3.390       0      0
C:1345                   840       840       420    5   3.567   3.535   3.310       0      0
C:2345                   840       840       420    5   3.533   3.516   3.390       0      0
C:0126                   840       840       420    5   3.533   3.521   3.443       0      0
C:0136                   840       840       420    5   3.521   3.508   3.427       0      0
C:0236                   840       840       420    5   3.533   3.521   3.443       0      0
C:1236                   840       840       420    5   3.543   3.529   3.421       0      0
C:0146                   840       840       420    5   3.548   3.532   3.405       0      0
C:0246                   840       840       420    5   3.570   3.548   3.362       0      0
C:1246                   840       840       420    5   3.548   3.532   3.405       0      0
C:0346                   840       840       420    5   3.532   3.517   3.428       0      0
C:1346                   840       840       420    5   3.533   3.516   3.390       0      0
C:2346                   840       840       420    5   3.548   3.532   3.405       0      0
C:0156                   840       840       420    5   3.543   3.529   3.421       0      0
C:0256                   840       840       420    5   3.533   3.521   3.443       0      0
C:1256                   840       840       420    5   3.521   3.508   3.427       0      0
C:0356                   840       840       420    5   3.521   3.508   3.427       0      0
C:1356                   840       840       420    5   3.574   3.545   3.333       0      0
C:2356                   840       840       420    5   3.521   3.508   3.427       0      0
C:0456                   840       840       420    5   3.548   3.532   3.405       0      0
C:1456                   840       840       420    5   3.533   3.516   3.390       0      0
C:2456                   840       840       420    5   3.532   3.517   3.428       0      0
C:3456                   840       840       420    5   3.515   3.501   3.459       0      0
spec                 entries bytes(1B) bytes(4b) diam  mean h   h@d10   h@d11  min@11   viol
C:01234                 2520      2520      1260    6   4.323   4.387   4.312       0      0
C:01235                 2520      2520      1260    6   4.323   4.388   4.337       0      0
C:01245                 2520      2520      1260    6   4.323   4.387   4.312       0      0
C:01345                 2520      2520      1260    6   4.321   4.386   4.332       0      0
C:02345                 2520      2520      1260    6   4.296   4.350   4.301       0      0
C:12345                 2520      2520      1260    6   4.321   4.386   4.332       0      0
C:01236                 2520      2520      1260    6   4.308   4.373   4.285       0      0
C:01246                 2520      2520      1260    6   4.319   4.384   4.339       0      0
C:01346                 2520      2520      1260    6   4.323   4.387   4.312       0      0
C:02346                 2520      2520      1260    6   4.319   4.384   4.339       0      0
C:12346                 2520      2520      1260    6   4.296   4.350   4.301       0      0
C:01256                 2520      2520      1260    6   4.308   4.373   4.285       0      0
C:01356                 2520      2520      1260    6   4.323   4.388   4.337       0      0
C:02356                 2520      2520      1260    6   4.308   4.373   4.285       0      0
C:12356                 2520      2520      1260    6   4.323   4.388   4.337       0      0
C:01456                 2520      2520      1260    6   4.296   4.350   4.301       0      0
C:02456                 2520      2520      1260    6   4.319   4.384   4.339       0      0
C:12456                 2520      2520      1260    6   4.323   4.387   4.312       0      0
C:03456                 2520      2520      1260    6   4.323   4.387   4.312       0      0
C:13456                 2520      2520      1260    6   4.321   4.386   4.332       0      0
C:23456                 2520      2520      1260    6   4.323   4.387   4.312       0      0
